              precision    recall  f1-score   support

           0       1.00      0.63      0.78      3629
           1       0.06      1.00      0.12         7
           2       0.00      0.00      0.00         0
           3       0.00      1.00      0.01         1
           4       0.02      0.50      0.04         8
           5       0.00      0.00      0.00         0
           6       0.00      0.00      0.00         0
           7       0.00      0.00      0.00         0
           8       0.00      0.00      0.00         0
           9       0.00      0.00      0.00         0
          10       0.00      0.00      0.00         0
          11       0.00      0.00      0.00         0
          12       0.00      0.00      0.00         0
          13       0.00      0.00      0.00         0
          14       0.00      0.00      0.00         0
          15       0.00      0.00      0.00         0
          16       0.00      0.00      0.00         0
          17       0.00      0.00      0.00         0
          18       0.00      0.00      0.00         0
          19       0.00      0.00      0.00         0
          20       0.00      0.00      0.00         0

    accuracy                           0.63      3645
   macro avg       0.05      0.15      0.05      3645
weighted avg       0.99      0.63      0.77      3645

