              precision    recall  f1-score   support

           0       0.98      0.66      0.79      3444
           1       0.15      0.52      0.23        31
           2       0.47      0.62      0.54        29
           3       0.09      0.50      0.15        40
           4       0.16      0.82      0.27        34
           5       0.14      0.20      0.17         5
           6       0.23      0.58      0.33        36
           7       0.38      0.60      0.46         5
           8       0.21      0.62      0.31         8
           9       0.45      0.50      0.48        10
          10       0.19      1.00      0.32         3
          11       0.00      0.00      0.00         0
          12       0.00      0.00      0.00         0
          13       0.00      0.00      0.00         0
          14       0.00      0.00      0.00         0
          15       0.00      0.00      0.00         0
          16       0.00      0.00      0.00         0
          17       0.00      0.00      0.00         0
          18       0.00      0.00      0.00         0
          19       0.00      0.00      0.00         0
          20       0.00      0.00      0.00         0

    accuracy                           0.65      3645
   macro avg       0.16      0.32      0.19      3645
weighted avg       0.94      0.65      0.76      3645

